1330 TSMC 452.50 45000.00 100
2455 MTK 700.00 15040.00 20
2379 RT 361.50 9675.00 30
2908 LARGAN 3145.00 16340.00 5
2353 ACER 23.45 2765.00 50
2387 ASUSTEK 245.00 7630.50 25
3131 WISTRON 29.15 2660.00 40
2344 WEC 17.70 126.00 10
2376 GIGABYTE 72.20 2994.00 30
2503 EMC 20.35 3940.00 100
2409 AUO 11.45 135.6 45
3181 INX 60.6 1098.00 20
2395 ACL 287.50 2893.00 10
2337 MACRONIX 31.70 450.00 20
2301 FPC 81.50 2716.00 35
2002 CSC 20.70 4050.00 90
1436 WELTREND 30.40 1312.00 40
3711 ASEH 68.70 1578.00 30
2412 CHT 109.50 7319.00 65
2408 MSI 119.50 7927.5 75